385571259616866785 287762078281267364 1886059988462819980 2170630469592170894 1201763753602130492 
752563427625583159 1852602307961295465 1516300141174834031 721713351874094247 418411415115992489 
938396748671100347 469253259334108505 926527025923487617 1643833397782036083 146120591542831115 
1756183763863205165 245379216533250562 554397885460869208 238355761513350002 598021353821153961 
666389872732515475 2038839246416467847 2218115006116769984 2254162963151766669 2147325029778933736 
1682326414416237236 2292535075995985868 101793436378461821 1104482130195656804 341655493424591515 
392599485490833221 566900949340001465 1918609839468317725 367015968236511527 535519522164602146 
1507158711987561647 2116569004971241935 593924169864597732 974900400619236330 1292325862405884596 
1398308961582398673 497236941678733648 653858948884203109 1762654735391313819 962224664350510012 
901905701460348707 629375087712936074 1655366932604962566 1135640382470855047 1233323701382677623 
220206991546965392 651437591260947943 1614850191233392379 680959749000761450 1839709715869954458 
1811307882198873142 340134004541085457 90659913175785562 1161700611270384998 1085708104992141221 
429647346248504783 1271231627929265250 965707708415144930 1651964138252729574 412068794331753562 
2300306428737822716 1756124614152355498 263811106544570881 2068729529147755904 1130635341957699088 
608693216004777140 343461806407848139 1585919798194961646 2301148735608045115 842253042470030616 
2289422040946349145 125571916084200974 503655051204682586 1352591223644641506 865533589727350629 
770596895870751803 545727733511325521 1575461229368793526 1761607619549603518 736366892084293929 
1704413260171862548 1631629241638419530 1311811504066590983 598528747508378894 700855103863551430 
1880033097823568193 1763729214247851875 1281015803344576237 1920389671910597020 2290169779468045980 
1872787634758518374 470469543936861317 1220641035107972710 1107005567571542225 2040597975829242438 
