752563427625583159 1852602307961295465 1516300141174834031 721713351874094247 418411415115992489 
800015992111294849 423074114305686054 2236497381487983630 1236932156429272921 1740331312889464265 
1756183763863205165 245379216533250562 554397885460869208 238355761513350002 598021353821153961 
1529451426130024615 2284525118151827957 1407949756323599069 1488536606277438524 1930119174387062692 
1682326414416237236 2292535075995985868 101793436378461821 1104482130195656804 341655493424591515 
430068895002343575 57874562927318535 130409987486725282 2220256555372023656 1639747582884771318 
1507158711987561647 2116569004971241935 593924169864597732 974900400619236330 1292325862405884596 
1480458656285699591 236853861531242062 528316144318605532 563606798385095530 936626619069248958 
901905701460348707 629375087712936074 1655366932604962566 1135640382470855047 1233323701382677623 
360507191352106364 2288073059465328031 1010080703776521351 1295437412215478084 1340291235086291152 
1811307882198873142 340134004541085457 90659913175785562 1161700611270384998 1085708104992141221 
1411162716780494129 1539628348460575354 2078344744603760892 1428070515363341026 272855222799607783 
2300306428737822716 1756124614152355498 263811106544570881 2068729529147755904 1130635341957699088 
474173328043122552 667605152904370408 351177517846539155 662099511061240838 1082198178260582026 
2289422040946349145 125571916084200974 503655051204682586 1352591223644641506 865533589727350629 
493321879790585580 213351518495791063 52092271115922271 1161349895560644414 2001870065426578750 
1704413260171862548 1631629241638419530 1311811504066590983 598528747508378894 700855103863551430 
1591512278547096707 1426146588299229644 193314370078888742 2197845750748280528 1017543478008363173 
1872787634758518374 470469543936861317 1220641035107972710 1107005567571542225 2040597975829242438 
1631935340361701989 1832951064756936382 2199586092315653196 1228663136498815150 1869717252785401562 
