800015992111294849 423074114305686054 2236497381487983630 1236932156429272921 1740331312889464265 
385571259616866785 287762078281267364 1886059988462819980 2170630469592170894 1201763753602130492 
1529451426130024615 2284525118151827957 1407949756323599069 1488536606277438524 1930119174387062692 
938396748671100347 469253259334108505 926527025923487617 1643833397782036083 146120591542831115 
430068895002343575 57874562927318535 130409987486725282 2220256555372023656 1639747582884771318 
666389872732515475 2038839246416467847 2218115006116769984 2254162963151766669 2147325029778933736 
1480458656285699591 236853861531242062 528316144318605532 563606798385095530 936626619069248958 
392599485490833221 566900949340001465 1918609839468317725 367015968236511527 535519522164602146 
360507191352106364 2288073059465328031 1010080703776521351 1295437412215478084 1340291235086291152 
1398308961582398673 497236941678733648 653858948884203109 1762654735391313819 962224664350510012 
1411162716780494129 1539628348460575354 2078344744603760892 1428070515363341026 272855222799607783 
220206991546965392 651437591260947943 1614850191233392379 680959749000761450 1839709715869954458 
474173328043122552 667605152904370408 351177517846539155 662099511061240838 1082198178260582026 
429647346248504783 1271231627929265250 965707708415144930 1651964138252729574 412068794331753562 
493321879790585580 213351518495791063 52092271115922271 1161349895560644414 2001870065426578750 
608693216004777140 343461806407848139 1585919798194961646 2301148735608045115 842253042470030616 
1591512278547096707 1426146588299229644 193314370078888742 2197845750748280528 1017543478008363173 
770596895870751803 545727733511325521 1575461229368793526 1761607619549603518 736366892084293929 
1631935340361701989 1832951064756936382 2199586092315653196 1228663136498815150 1869717252785401562 
1880033097823568193 1763729214247851875 1281015803344576237 1920389671910597020 2290169779468045980 
