84325075408492520 2120163680816532513 259095982127703965 396338162583695739 1463575537329727296 
793432276324474556 1287291576189565063 867572304448292898 1343613422764568478 551588213691405293 
600122952570250169 743613889283983804 682542136226591572 2252627489852533789 2027655849043614176 
40504170512772098 1457582982809054834 2285238410318843678 864772393895997193 2109784366079337805 
670916462218597943 197143711465015036 1663849531441489325 2025851282208103452 252071287907939847 
870814897188210826 1200689579043108795 1582721616746033467 134121150149601752 1455122418971476173 
2301483934428355568 500198671273206182 738767204334383559 2253756149102017534 1124533577206183962 
340270768633959887 460140578575590333 1280615270490435494 1106319427881658898 2135832799319304716 
1049040701342990687 1980657391349538011 1211790229289098354 16391211005872459 2301855815732092210 
1996944081738290062 1655717127909304098 226504628131628886 1070444708803257899 1092343303942518746 
858028938009226191 79016831193096313 915031176326630055 459915656462992438 316521100312404875 
1213937334721688037 961205975536426889 2067198405813398590 144680928123902305 895467622348824364 
2135059408083272423 508960424416150446 332295656899534315 1988637523168917778 506317911997095038 
1121039828228662871 957872414675066850 1941328595321337141 2094720620897641901 212255032591376689 
1230333807071744386 395382241548804919 994736549923715009 425405450222364212 2286593519694019144 
925429566085231664 1288437158802648702 367835534466028571 2266064178485417041 1653932774949028157 
1450614804918121619 178965636248964046 1120704783598265022 2074350970646828240 2048338725926603436 
442273966242495692 300802965681707718 2278979758328122014 731396019586602668 1717480210789239036 
266836879129727069 730985812518077116 175965756672145176 1968536357720951985 1398749401897098794 
2107492762106528953 2266721403362177048 1964411186859573491 877120403747138457 1270896392515145474 
