793432276324474556 1287291576189565063 867572304448292898 1343613422764568478 551588213691405293 
1485223668943558749 455657220194756137 503854212308741419 786702566384255454 238544738844496365 
40504170512772098 1457582982809054834 2285238410318843678 864772393895997193 2109784366079337805 
1000129546750688626 867589611805490857 2102220877144294134 594996203418995367 618616553025531113 
870814897188210826 1200689579043108795 1582721616746033467 134121150149601752 1455122418971476173 
860322198494387886 1898123870360650630 2190384450419741632 1166822995845389869 82440726954841908 
340270768633959887 460140578575590333 1280615270490435494 1106319427881658898 2135832799319304716 
1570513881195916725 1015045884446966468 1120869223447232593 467097851250012205 1757891399876727042 
1996944081738290062 1655717127909304098 226504628131628886 1070444708803257899 1092343303942518746 
1924622156528871466 1734906087116753119 1597093664062939438 888042157896560432 761778609785544349 
1213937334721688037 961205975536426889 2067198405813398590 144680928123902305 895467622348824364 
614285348292021408 1780968758350845165 1505681207712087748 168274778674433581 1987479719393410754 
1121039828228662871 957872414675066850 1941328595321337141 2094720620897641901 212255032591376689 
1888264536830895097 135711947108886920 1087084848917204874 965434668944551272 172771088665303353 
925429566085231664 1288437158802648702 367835534466028571 2266064178485417041 1653932774949028157 
2180207606580361540 1839748348184604474 490868942884373355 449153680187464521 926227162748370770 
442273966242495692 300802965681707718 2278979758328122014 731396019586602668 1717480210789239036 
1377195714008844971 557766044374334145 1511358504445988128 1967910380574484640 1587248893446329328 
2107492762106528953 2266721403362177048 1964411186859573491 877120403747138457 1270896392515145474 
225777900020408255 1012183061396060567 1902065580431609112 1688333086789248141 2037161713873946234 
