1485223668943558749 455657220194756137 503854212308741419 786702566384255454 238544738844496365 
84325075408492520 2120163680816532513 259095982127703965 396338162583695739 1463575537329727296 
1000129546750688626 867589611805490857 2102220877144294134 594996203418995367 618616553025531113 
600122952570250169 743613889283983804 682542136226591572 2252627489852533789 2027655849043614176 
860322198494387886 1898123870360650630 2190384450419741632 1166822995845389869 82440726954841908 
670916462218597943 197143711465015036 1663849531441489325 2025851282208103452 252071287907939847 
1570513881195916725 1015045884446966468 1120869223447232593 467097851250012205 1757891399876727042 
2301483934428355568 500198671273206182 738767204334383559 2253756149102017534 1124533577206183962 
1924622156528871466 1734906087116753119 1597093664062939438 888042157896560432 761778609785544349 
1049040701342990687 1980657391349538011 1211790229289098354 16391211005872459 2301855815732092210 
614285348292021408 1780968758350845165 1505681207712087748 168274778674433581 1987479719393410754 
858028938009226191 79016831193096313 915031176326630055 459915656462992438 316521100312404875 
1888264536830895097 135711947108886920 1087084848917204874 965434668944551272 172771088665303353 
2135059408083272423 508960424416150446 332295656899534315 1988637523168917778 506317911997095038 
2180207606580361540 1839748348184604474 490868942884373355 449153680187464521 926227162748370770 
1230333807071744386 395382241548804919 994736549923715009 425405450222364212 2286593519694019144 
1377195714008844971 557766044374334145 1511358504445988128 1967910380574484640 1587248893446329328 
1450614804918121619 178965636248964046 1120704783598265022 2074350970646828240 2048338725926603436 
225777900020408255 1012183061396060567 1902065580431609112 1688333086789248141 2037161713873946234 
266836879129727069 730985812518077116 175965756672145176 1968536357720951985 1398749401897098794 
